ENEMY MOBILE,enemy_scout,0,617.1599,2.539133,-498.4081,-7.54979E-08,1,2.185569E-08,-1.711291E-15,1,1,1,0,100,0,0,
NEUTRAL STATIC,wallWoodQuad,0,-204.838,0,169.6255,4.371139E-08,1,8.146034E-08,3.499512E-15,1,1,1,0,100,0,0,
ENEMY STATIC,enemy_AARapier,0,205.1383,3.578369,-91.93382,7.549792E-08,1,6.123234E-17,-6.123234E-17,1,1,1,0,100,0,0,
NEUTRAL STATIC,treeC_LOD_A,0,-296.1061,0,-576.6909,-7.006853E-08,0.2164396,6.03065E-08,0.976296,1,1,1,0,100,0,0,
NEUTRAL STATIC,sandbagTypeF,0,620.8037,0,-525.333,6.03065E-08,0.976296,7.006854E-08,-0.2164396,1,1,1,0,100,0,0,
NEUTRAL STATIC,treeB_LOD_A,0,138.8584,0,-9.376953,5.000876E-08,0.6755902,1.751515E-07,0.7372773,1,1,1,0,100,0,0,
NEUTRAL STATIC,lo_RuinB,0,-190.1089,0,508.2705,4.371141E-08,1,8.146034E-08,-2.384186E-07,1,1,1,0,100,0,0,
NEUTRAL STATIC,lo_ShopA,0,460.5874,0,-491.8763,4.371141E-08,1,8.146034E-08,-2.384186E-07,1,1,1,0,100,0,0,
NEUTRAL STATIC,lo_RuinA,0,335.1245,0,203.5633,-8.328949E-08,-0.04361963,4.011651E-08,0.9990482,1,1,1,0,100,0,0,
NEUTRAL STATIC,RockGroupA,0,-378.3601,0,270.6353,8.146034E-08,0,0,1,1,1,1,0,100,0,0,
NEUTRAL STATIC,treeC_LOD_A,0,-214.6992,0,665.5426,1.719269E-08,0.9537169,9.083438E-08,0.3007059,1,1,1,0,100,0,0,
NEUTRAL STATIC,lo_B_TypeH,0,-829.2385,-2.409856,-226.8753,6.893636E-08,0.9396926,6.15975E-08,-0.3420203,1,1,1,0,100,0,0,
NEUTRAL STATIC,watchTower,0,193.9903,0,-38.42279,8.146034E-08,0,0,1,1,1,1,0,100,0,0,
NEUTRAL STATIC,treeB_LOD_A,0,203.6484,0,71.14258,5.000876E-08,0.6755902,1.751515E-07,0.7372773,1,1,1,0,100,0,0,
NEUTRAL STATIC,lo_ShopA,0,91.55566,0,804.9125,4.371141E-08,1,8.146034E-08,-2.384186E-07,1,1,1,0,100,0,0,
NEUTRAL STATIC,lo_Tower,0,-196.9134,0,-254.637,1.980798E-08,0.4226184,-9.236619E-09,0.9063078,1,1,1,0,100,0,0,
NEUTRAL STATIC,RockGroupC,0,629.8071,0,-549.7224,8.146034E-08,0,0,1,1,1,1,0,100,0,0,
NEUTRAL STATIC,treeA_LOD_A,0,-331.1219,0,-503.6494,-5.535491E-08,0.4226183,7.40426E-08,0.9063078,1,1,1,0,100,0,0,
NEUTRAL STATIC,lo_ShopA,0,-494.9136,0,46.77661,4.371141E-08,1,8.146034E-08,-2.384186E-07,1,1,1,0,100,0,0,
NEUTRAL STATIC,RockGroupG,0,-270.5607,0,642.0142,8.146034E-08,0,0,1,1,1,1,0,100,0,0,
NEUTRAL STATIC,lo_ShopC,0,71.63037,0,-218.3583,-8.146034E-08,-7.549791E-08,4.371138E-08,1,1,1,1,0,100,0,0,
NEUTRAL STATIC,lo_WaterTowerA,0,-336.4595,0,581.2509,8.146034E-08,0,0,1,1,1,1,0,100,0,0,
NEUTRAL STATIC,lo_B_TypeF,0,-268.6749,-0.1900721,-185.556,-1.282066E-07,-0.3420201,5.816015E-08,0.9396927,1,1,1,0,100,0,0,
NEUTRAL STATIC,RockGroupA,0,-86.1235,0,814.9851,8.146034E-08,0,0,1,1,1,1,0,100,0,0,
ENEMY STATIC,enemy_AASAM,0,71.3974,18.69226,-217.4102,-7.549792E-08,1,6.123234E-17,-6.123234E-17,1,1,1,0,100,0,0,
NEUTRAL STATIC,lo_ShopC,0,-173.429,0,-354.5666,7.404261E-08,0.9063078,5.53549E-08,-0.4226184,1,1,1,0,100,0,0,
NEUTRAL STATIC,lo_RuinB,0,-293.3564,0,-162.438,7.404261E-08,0.9063078,5.53549E-08,-0.4226184,1,1,1,0,100,0,0,
NEUTRAL STATIC,treeB_LOD_A,0,-137.2163,0,339.627,-3.801704E-08,0.6087613,8.426849E-08,0.7933534,1,1,1,0,100,0,0,
NEUTRAL STATIC,barrier,0,60.94902,0,225.8192,8.146034E-08,0,0,1,1,1,1,0,100,0,1,
NEUTRAL STATIC,lo_MosqueA,0,-171.2249,0,-402.2495,3.002177E-08,-0.34202,-1.691551E-08,0.9396927,1,1,1,0,100,0,0,
NEUTRAL STATIC,sandbagTypeC,0,-380.1066,0,-7.606194,8.024605E-09,0.9762958,1.014963E-07,0.2164407,1,1,1,0,100,0,0,
NEUTRAL STATIC,tentCamoA,0,268.0074,-0.1772461,-54.31,-1.711291E-15,1,-2.185569E-08,-7.54979E-08,1,1,1,0,100,0,0,
NEUTRAL STATIC,lo_ShopH,0,397.7905,3.833009,-380.6967,-8.146036E-08,-3.377662E-07,4.371136E-08,1,1,1,1,0,100,0,0,
NEUTRAL STATIC,sandbagTypeE,0,76.93442,0,-304.5562,8.146034E-08,0,0,1,1,1,1,0,100,0,0,
NEUTRAL STATIC,treeC_LOD_A,0,22.33765,0,-375.8203,-8.584657E-08,-0.7660444,-3.43051E-08,0.6427877,1,1,1,0,100,0,0,
NEUTRAL STATIC,lo_ShopA,0,574.2551,0,-515.2157,5.719277E-08,0.9848077,7.263236E-08,-0.1736484,1,1,1,0,100,0,0,
NEUTRAL STATIC,lo_ShopB,0,-286.3605,0,-127.8842,-6.681766E-08,0.9063078,-6.369492E-08,-0.4226184,1,1,1,0,100,0,0,
NEUTRAL STATIC,treeB_LOD_A,0,103.6274,3.624513,286.7163,-6.15975E-08,0.3420203,6.893637E-08,0.9396926,1,1,1,0,100,0,0,
NEUTRAL STATIC,lo_ShopB,0,-414.318,0,-119.2237,-9.44536E-08,0.4226185,2.738727E-08,0.9063077,1,1,1,0,100,0,0,
NEUTRAL STATIC,lo_B_TypeF,0,-276.2856,0,450.1973,0,0,0,1,1,1,1,0,100,0,0,
NEUTRAL STATIC,lo_ShopB,0,-156.1089,0,490.8086,-1.277723E-15,-0.7071068,-1.277723E-15,0.7071068,1,1,1,0,100,0,0,
NEUTRAL STATIC,lo_ShopE,0,218.9036,0,198.7419,-5.760116E-08,0.7071068,5.760116E-08,0.7071068,1,1,1,0,100,0,0,
NEUTRAL STATIC,tentBrownC,0,206.3213,0,-507.2657,5.760116E-08,0.7071068,-5.760116E-08,0.7071068,1,1,1,0,100,0,0,
NEUTRAL STATIC,treeA_LOD_A,0,65.01688,0,-153.3036,-9.038551E-08,-0.2772302,1.941479E-08,0.9608036,1,1,1,0,100,0,0,
NEUTRAL STATIC,lo_B_TypeD,0,118.1553,0,-205.4571,4.371141E-08,1,8.146034E-08,-2.384186E-07,1,1,1,0,100,0,0,
NEUTRAL STATIC,treeB_LOD_A,0,-717.1902,0,-415.7993,-5.207254E-08,0.4617485,7.638667E-08,0.8870109,1,1,1,0,100,0,0,
NEUTRAL STATIC,RockGroupD,0,484.056,0,-146.776,8.146034E-08,0,0,1,1,1,1,0,100,0,0,
NEUTRAL STATIC,treeC_LOD_A,0,-240.3164,0,40.25684,4.371139E-08,1,8.146034E-08,3.499512E-15,1,1,1,0,100,0,0,
NEUTRAL STATIC,lo_Tower,0,-139.0806,0,-397.3802,0.6644631,-0.6644631,0.2418447,-0.2418447,1,1,1,0,100,0,0,
NEUTRAL STATIC,lo_ShopE,0,-299.3923,0,-194.1803,-4.974869E-09,0.4226184,1.820829E-07,0.9063078,1,1,1,0,100,0,0,
NEUTRAL STATIC,treeB_LOD_A,0,208.5591,17.21753,468.4232,7.404261E-08,0.9063078,5.53549E-08,-0.4226184,1,1,1,0,100,0,0,
NEUTRAL STATIC,lo_B_TypeG,0,113.6575,0,-160.7395,4.214685E-08,1,6.123234E-17,-6.123234E-17,1,1,1,0,100,0,0,
NEUTRAL STATIC,treeA_LOD_A,0,109.4087,6.127442,299.0376,-6.454585E-08,0.3007058,6.618389E-08,0.953717,1,1,1,0,100,0,0,
NEUTRAL STATIC,barrier,0,-587.0516,0,225.8195,8.146034E-08,0,0,1,1,1,1,0,100,0,1,
NEUTRAL STATIC,treeB_LOD_A,0,-149.3829,0,601.8203,-1.474846E-07,-0.4617487,1.068982E-07,0.8870108,1,1,1,0,100,0,0,
NEUTRAL STATIC,RockGroupE,0,-117.7392,0,-169.6766,8.146034E-08,0,0,1,1,1,1,0,100,0,0,
NEUTRAL STATIC,lo_ShopB,0,219.8022,0,270.6773,3.094727E-07,0.6916763,-1.307804E-07,0.7222077,1,1,1,0,100,0,0,
NEUTRAL STATIC,lo_B_TypeH,0,-165.8195,-5.531311E-05,427.4595,4.371141E-08,1,8.146034E-08,-2.384186E-07,1,1,1,0,100,0,0,
NEUTRAL STATIC,lo_B_TypeG,0,-376.3643,0,-156.5083,5.539227E-08,0.9396926,-4.32688E-08,0.3420203,1,1,1,0,100,0,0,
NEUTRAL STATIC,RockGroupF,0,-93.03955,0,168.5418,8.146034E-08,0,0,1,1,1,1,0,100,0,0,
NEUTRAL STATIC,lo_B_TypeB,0,-230.766,0,-230.4106,7.404261E-08,0.9063078,5.53549E-08,-0.4226184,1,1,1,0,100,0,0,
NEUTRAL STATIC,tentCamoB,0,660.0997,0,-465.5003,1.711291E-15,1,-2.185569E-08,7.54979E-08,1,1,1,0,100,0,0,
NEUTRAL STATIC,treeA_LOD_A,0,-228.9175,0,301.3562,4.722303E-08,0.9990482,7.947614E-08,-0.04361938,1,1,1,0,100,0,0,
NEUTRAL STATIC,lo_ShopF,0,-318.3035,0,-159.6462,7.404261E-08,0.9063078,5.53549E-08,-0.4226184,1,1,1,0,100,0,0,
ENEMY STATIC,enemy_AAMobile,0,117.3209,2.437012,-183.467,-9.271521E-08,0.9063078,2.253264E-08,0.4226182,1,1,1,0,100,0,0,
NEUTRAL STATIC,treeB_LOD_A,0,-540.7002,0,-32.38428,-1.491134E-08,0.7933534,9.123664E-08,0.6087614,1,1,1,0,100,0,0,
NEUTRAL STATIC,RockGroupF,0,496.0393,0,-41.8,8.146034E-08,0,0,1,1,1,1,0,100,0,0,
NEUTRAL STATIC,lo_B_TypeB,0,194.8435,0,275.541,5.000876E-08,0.6755902,1.751515E-07,0.7372773,1,1,1,0,100,0,0,
NEUTRAL STATIC,sandbagTypeB,0,-279.8359,0,197.911,8.146034E-08,0,0,1,1,1,1,0,100,0,0,
NEUTRAL STATIC,lo_B_TypeI,0,-233.0638,0,-397.8103,-9.149786E-08,-0.3420202,1.321419E-08,0.9396926,1,1,1,0,100,0,0,
NEUTRAL STATIC,lo_MosqueB,0,-284.7456,0,-307.0239,-1.313967E-07,0.9063079,-4.977434E-07,-0.4226182,1,1,1,0,100,0,0,
NEUTRAL STATIC,RockGroupB,0,170.207,0,-533.22,8.146034E-08,0,0,1,1,1,1,0,100,0,0,
NEUTRAL STATIC,PylonLOD_A,0,-706.979,0,-419.0823,5.064479E-08,0.9961947,7.734067E-08,-0.08715573,1,1,1,0,100,0,0,
NEUTRAL STATIC,lo_B_TypeH,0,-246.2737,7.152557E-05,-305.7258,1.32142E-08,0.9396927,9.149786E-08,0.3420201,1,1,1,0,100,0,0,
NEUTRAL STATIC,tentCamoB,0,-451.4308,0,-554.0851,1.711291E-15,1,-2.185569E-08,7.54979E-08,1,1,1,0,100,0,0,
NEUTRAL STATIC,lo_ShopB,0,-181.522,0,449.1695,-6.172263E-09,1,2.832768E-16,-3.597462E-08,1,1,1,0,100,0,0,
NEUTRAL STATIC,lo_ShopH,0,-296.5076,0,-282.5203,7.40426E-08,0.9063079,5.535493E-08,-0.4226181,1,1,1,0,100,0,0,
NEUTRAL STATIC,lo_RuinB,0,156.232,0,4.762695,-5.760116E-08,0.7071068,5.760116E-08,0.7071068,1,1,1,0,100,0,0,
NEUTRAL STATIC,lo_B_TypeF,0,153.9038,0,-172.3818,-2.16489E-17,-0.7071068,-2.16489E-17,0.7071068,1,1,1,0,100,0,0,
NEUTRAL STATIC,treeC_LOD_A,0,461.5972,0,-639.926,7.638667E-08,0.8870109,5.207254E-08,-0.4617485,1,1,1,0,100,0,0,
NEUTRAL STATIC,lo_ShopH,0,-316.4246,0,-227.1561,-5.535491E-08,0.4226183,7.40426E-08,0.9063078,1,1,1,0,100,0,0,
NEUTRAL STATIC,tentCamoB,0,242.5727,0,782.1096,8.146034E-08,0,0,1,1,1,1,0,100,0,0,
NEUTRAL STATIC,tentCamoA,0,284.8268,-0.1772461,-38.77753,-1.711291E-15,1,-2.185569E-08,-7.54979E-08,1,1,1,0,100,0,0,
NEUTRAL STATIC,treeB_LOD_A,0,421.7222,0,-516.7363,-1.491134E-08,0.7933534,9.123664E-08,0.6087614,1,1,1,0,100,0,0,
NEUTRAL STATIC,RockGroupG,0,-773.6393,0,-224.7368,8.146034E-08,0,0,1,1,1,1,0,100,0,0,
NEUTRAL STATIC,lo_B_TypeF,0,-394.6654,-0.1900721,-135.6008,-8.806604E-08,0.4226184,-4.782157E-08,0.9063078,1,1,1,0,100,0,0,
NEUTRAL STATIC,lo_ShopE,0,-422.7805,0,-109.1584,7.404261E-08,0.9063078,5.53549E-08,-0.4226184,1,1,1,0,100,0,0,
NEUTRAL STATIC,tentCamoF,0,-466.8499,0,-586.0464,4.371141E-08,1,8.146034E-08,-2.384186E-07,1,1,1,0,100,0,0,
NEUTRAL STATIC,treeC_LOD_A,0,587.4038,0,-594.4619,4.371139E-08,1,8.146034E-08,3.499512E-15,1,1,1,0,100,0,0,
NEUTRAL STATIC,lo_ShopB,0,-334.8084,0,-208.6863,-1.100783E-07,0.9063079,-3.775674E-07,-0.4226181,1,1,1,0,100,0,0,
NEUTRAL STATIC,barrier,0,650.6262,0,-401.9455,9.867338E-09,-0.5564633,2.454285E-08,0.8308722,1,1,1,0,100,0,1,
ENEMY MOBILE,enemy_tank_big,0,181.3047,2.146973,-62.04222,-8.192074E-08,-0.01063808,4.284233E-08,0.9999434,1,1,1,0,100,0,0,
NEUTRAL STATIC,lo_B_TypeA,0,515.7833,0,-499.0965,5.064481E-08,0.9961947,7.734066E-08,-0.08715597,1,1,1,0,100,0,0,
NEUTRAL STATIC,PylonCableEnd,0,-749.6244,0,-666.3047,5.064479E-08,0.9961947,7.734067E-08,-0.08715573,1,1,1,0,100,0,0,
NEUTRAL STATIC,treeA_LOD_A,0,-597.623,0,-35.23682,-6.454585E-08,0.3007058,6.618389E-08,0.953717,1,1,1,0,100,0,0,
NEUTRAL STATIC,lo_ShopF,0,-316.8787,0,-300.3478,7.404261E-08,0.9063078,5.53549E-08,-0.4226184,1,1,1,0,100,0,0,
NEUTRAL STATIC,lo_MosqueA,0,-415.7532,0,-82.742,3.002177E-08,-0.34202,-1.691551E-08,0.9396927,1,1,1,0,100,0,0,
NEUTRAL STATIC,PylonLOD_A,0,689.0452,0,5.059631,5.064479E-08,0.9961947,7.734067E-08,-0.08715573,1,1,1,0,100,0,0,
NEUTRAL STATIC,tentBrownA,0,-483.4077,-0.1772461,-549.1597,8.146034E-08,0,0,1,1,1,1,0,100,0,0,
NEUTRAL STATIC,barrier,0,705.4468,0,-268.7889,9.867338E-09,-0.5564633,2.454285E-08,0.8308722,1,1,1,0,100,0,1,
NEUTRAL STATIC,treeB_LOD_A,0,-374.5161,0,-523.1851,-2.875001E-09,0.8660254,9.240242E-08,0.5,1,1,1,0,100,0,0,
NEUTRAL STATIC,sandbagTypeA,0,200.5102,0,806.1378,1.938624E-08,0.4617485,-1.009183E-08,0.8870109,1,1,1,0,100,0,0,
NEUTRAL STATIC,lo_B_TypeF,0,-159.1606,0,541.6553,-6.123234E-17,1,6.123234E-17,-6.123234E-17,1,1,1,0,100,0,0,
NEUTRAL STATIC,treeC_LOD_A,0,-293.177,0,450.3234,1.719269E-08,0.9537169,9.083438E-08,0.3007059,1,1,1,0,100,0,0,
NEUTRAL STATIC,RockGroupG,0,-13.54004,0,-287.9234,8.146034E-08,0,0,1,1,1,1,0,100,0,0,
NEUTRAL STATIC,sandbagTypeD,0,197.101,0,166.8793,-4.884145E-09,0.5735765,3.419915E-09,0.8191521,1,1,1,0,100,0,0,
NEUTRAL STATIC,lo_B_TypeA,0,-133.755,0,-321.8907,2.113848E-08,0.9659259,8.9998E-08,0.258819,1,1,1,0,100,0,0,
NEUTRAL STATIC,treeB_LOD_A,0,624.9111,0,-416.2207,7.404261E-08,0.9063078,5.53549E-08,-0.4226184,1,1,1,0,100,0,0,
NEUTRAL STATIC,tentCamoB,0,19.99796,0,639.5045,1.711291E-15,1,-2.185569E-08,7.54979E-08,1,1,1,0,100,0,0,
NEUTRAL STATIC,watchTower,0,252.3448,0,-96.72356,8.146034E-08,0,0,1,1,1,1,0,100,0,0,
NEUTRAL STATIC,treeB_LOD_A,0,85.03418,0,87.86377,1.321419E-08,0.9396926,9.149786E-08,0.3420202,1,1,1,0,100,0,0,
NEUTRAL STATIC,barrierCR,0,175.1675,0,225.8192,8.146034E-08,0,0,1,1,1,1,0,100,0,1,
NEUTRAL STATIC,barrierCR,0,607.3099,0,-507.1594,9.867338E-09,-0.5564633,2.454285E-08,0.8308722,1,1,1,0,100,0,1,
NEUTRAL STATIC,lo_ShopD,0,141.8611,0,248.9229,-8.146034E-08,-7.549791E-08,4.371138E-08,1,1,1,1,0,100,0,0,
NEUTRAL STATIC,sandbagTypeC,0,-497.7365,0,-521.1471,-1.711291E-15,1,-2.185569E-08,-7.54979E-08,1,1,1,0,100,0,0,
NEUTRAL STATIC,barrier,0,509.007,0,-745.9338,9.867338E-09,-0.5564633,2.454285E-08,0.8308722,1,1,1,0,100,0,1,
NEUTRAL STATIC,sandbagTypeE,0,40.58806,0,594.2802,8.146034E-08,0,0,1,1,1,1,0,100,0,0,
NEUTRAL STATIC,bunkerLong,0,-866.8163,0,-249.2447,-2.519836E-09,0.9063078,5.403806E-09,0.4226182,1,1,1,0,100,0,0,
NEUTRAL STATIC,lo_Tower,0,-362.0398,0,559.2942,8.146034E-08,0,0,1,1,1,1,0,100,0,0,
NEUTRAL STATIC,treeA_LOD_A,0,617.7666,0,-425.0947,4.371139E-08,1,8.146034E-08,3.499512E-15,1,1,1,0,100,0,0,
NEUTRAL STATIC,lo_ShopE,0,-278.1467,0,-137.6835,7.404261E-08,0.9063078,5.53549E-08,-0.4226184,1,1,1,0,100,0,0,
NEUTRAL STATIC,RockGroupB,0,-210.09,0,603.615,8.146034E-08,0,0,1,1,1,1,0,100,0,0,
NEUTRAL STATIC,barrier,0,563.8273,0,-612.7772,9.867338E-09,-0.5564633,2.454285E-08,0.8308722,1,1,1,0,100,0,1,
NEUTRAL STATIC,lo_B_TypeD,0,-249.8621,0,483.9521,-5.760116E-08,0.7071068,5.760116E-08,0.7071068,1,1,1,0,100,0,0,
NEUTRAL STATIC,lo_B_TypeI,0,84.58813,0,707.6555,1.32142E-08,0.9396927,9.149786E-08,0.3420201,1,1,1,0,100,0,0,
NEUTRAL STATIC,lo_ShopC,0,503.5513,0,-541.5182,4.371141E-08,1,8.146034E-08,-2.384186E-07,1,1,1,0,100,0,0,
NEUTRAL STATIC,lo_ShopC,0,-413.5483,0,538.8167,8.673308E-08,0.8191521,1.601759E-07,0.5735765,1,1,1,0,100,0,0,
NEUTRAL STATIC,RockGroupF,0,-610.2908,0,-91.12691,8.146034E-08,0,0,1,1,1,1,0,100,0,0,
ENEMY MOBILE,enemy_jeep,0,361.2335,2.477539,-589.8286,-5.424729E-08,0.4617487,-5.687562E-08,0.8870108,1,1,1,0,100,0,0,
NEUTRAL STATIC,tentCamoC,0,35.05734,0,611.1077,7.638668E-08,0.8870108,5.207252E-08,-0.4617487,1,1,1,0,100,0,0,
NEUTRAL STATIC,lo_RuinB,0,193.0446,0,248.1528,5.000876E-08,0.6755902,1.751515E-07,0.7372773,1,1,1,0,100,0,0,
NEUTRAL STATIC,lo_ShopE,0,-169.7721,0,485.6923,4.371141E-08,1,8.146034E-08,-2.384186E-07,1,1,1,0,100,0,0,
NEUTRAL STATIC,treeA_LOD_A,0,174.3955,0,380.2148,-6.454585E-08,0.3007058,6.618389E-08,0.953717,1,1,1,0,100,0,0,
NEUTRAL STATIC,lo_WaterTowerB,0,-234.4333,0,-255.1334,-1.196322E-33,0.2588191,1.58481E-17,0.9659258,1,1,1,0,100,0,0,
NEUTRAL STATIC,lo_ShopC,0,-219.0305,0,-278.8527,7.404261E-08,0.9063078,5.53549E-08,-0.4226184,1,1,1,0,100,0,0,
NEUTRAL STATIC,lo_ShopE,0,162.6917,0,-190.6641,-5.760115E-08,-0.7071068,-5.760115E-08,0.7071068,1,1,1,0,100,0,0,
NEUTRAL STATIC,PylonCableLOD_A,0,645.5944,0,-241.116,5.064479E-08,0.9961947,7.734067E-08,-0.08715573,1,1,1,0,100,0,1,
NEUTRAL STATIC,PylonCableEnd,0,515.3583,0,-979.7218,5.064479E-08,0.9961947,7.734067E-08,-0.08715573,1,1,1,0,100,0,0,
NEUTRAL STATIC,sandbagTypeA,0,-280.6143,0,255.4543,1.611371E-08,0.6755901,-1.476549E-08,0.7372774,1,1,1,0,100,0,0,
NEUTRAL STATIC,treeA_LOD_A,0,-105.8813,0,789.2672,-3.651767E-08,0.258819,1.784528E-07,0.9659258,1,1,1,0,100,0,0,
NEUTRAL STATIC,treeB_LOD_A,0,251.3547,-1.084717,-417.5325,-9.218907E-08,-0.5372996,-6.902796E-09,0.8433915,1,1,1,0,100,0,0,
NEUTRAL STATIC,barrier,0,787.6775,0,-69.05386,9.867338E-09,-0.5564633,2.454285E-08,0.8308722,1,1,1,0,100,0,1,
ENEMY MOBILE,enemy_tank_small,0,232.3873,2.585449,-79.28972,-5.760116E-08,-0.7071068,-5.760116E-08,0.7071068,1,1,1,0,100,0,0,
ENEMY MOBILE,enemy_truck_brown,0,167.8277,2.984375,-88.65234,-7.54979E-08,1,2.185569E-08,-1.711291E-15,1,1,1,0,100,0,0,
NEUTRAL STATIC,sandbagTypeA,0,228.6035,0,-519.6714,-6.83976E-08,0.9659256,-3.12836E-07,-0.2588198,1,1,1,0,100,0,0,
NEUTRAL STATIC,lo_B_TypeB,0,89.31421,0,767.916,4.371141E-08,1,8.146034E-08,-2.384186E-07,1,1,1,0,100,0,0,
NEUTRAL STATIC,treeB_LOD_A,0,-582.233,0,-596.27,-5.207254E-08,0.4617485,7.638667E-08,0.8870109,1,1,1,0,100,0,0,
NEUTRAL STATIC,PylonCableLOD_A,0,-619.3883,0,72.30109,5.064479E-08,0.9961947,7.734067E-08,-0.08715573,1,1,1,0,100,0,1,
NEUTRAL STATIC,sandbagTypeF,0,114.4703,0,-257.2334,-5.760116E-08,0.7071068,5.760116E-08,0.7071068,1,1,1,0,100,0,0,
NEUTRAL STATIC,sandbagTypeE,0,-903.411,0,-318.1577,8.146034E-08,0,0,1,1,1,1,0,100,0,0,
NEUTRAL STATIC,barrier,0,-83.05115,0,225.8193,8.146034E-08,0,0,1,1,1,1,0,100,0,1,
NEUTRAL STATIC,treeC_LOD_A,0,-496.4769,0,30.4375,-8.584657E-08,-0.7660444,-3.43051E-08,0.6427877,1,1,1,0,100,0,0,
NEUTRAL STATIC,treeA_LOD_A,0,208.9707,0,81.29297,1.321419E-08,0.9396926,9.149786E-08,0.3420202,1,1,1,0,100,0,0,
ENEMY MOBILE,enemy_truck_brown,0,655.9639,2.984375,-535.5928,2.540068E-08,-0.5735765,-7.438017E-08,0.8191521,1,1,1,0,100,0,0,
NEUTRAL STATIC,RockGroupF,0,93.94287,0,531.0686,8.146034E-08,0,0,1,1,1,1,0,100,0,0,
NEUTRAL STATIC,treeB_LOD_A,0,-645.2371,0,-70.604,-1.491134E-08,0.7933534,9.123664E-08,0.6087614,1,1,1,0,100,0,0,
NEUTRAL STATIC,treeC_LOD_A,0,-669.8678,0,-432.1372,-9.149786E-08,-0.3420202,1.321419E-08,0.9396926,1,1,1,0,100,0,0,
NEUTRAL STATIC,PylonLOD_A,0,-749.3163,0,-664.7561,5.064479E-08,0.9961947,7.734067E-08,-0.08715573,1,1,1,0,100,0,0,
NEUTRAL STATIC,lo_ShopF,0,192.8135,0,194.3524,4.371141E-08,1,8.146034E-08,-2.384186E-07,1,1,1,0,100,0,0,
NEUTRAL STATIC,lo_ShopG,0,443.8625,3.521729,-405.4678,-8.146034E-08,-4.371139E-08,4.371138E-08,1,1,1,1,0,100,0,0,
NEUTRAL STATIC,lo_B_TypeI,0,456.9626,3.657716,-386.145,4.371141E-08,1,8.146034E-08,-2.384186E-07,1,1,1,0,100,0,0,
NEUTRAL STATIC,treeB_LOD_A,0,-330.6587,0,463.742,-5.207254E-08,0.4617485,7.638667E-08,0.8870109,1,1,1,0,100,0,0,
NEUTRAL STATIC,treeA_LOD_A,0,320.1554,0,208.2979,-6.454585E-08,0.3007058,6.618389E-08,0.953717,1,1,1,0,100,0,0,
NEUTRAL STATIC,lo_ShopE,0,-325.2448,0,556.1,-2.875001E-09,0.8660254,9.240242E-08,0.5,1,1,1,0,100,0,0,
NEUTRAL STATIC,RockGroupD,0,-694.6846,0,-273.1783,8.146034E-08,0,0,1,1,1,1,0,100,0,0,
NEUTRAL STATIC,lo_ShopF,0,401.2937,3.491944,-402.6652,4.371141E-08,1,8.146034E-08,-2.384186E-07,1,1,1,0,100,0,0,
NEUTRAL STATIC,lo_WaterTowerA,0,-206.8625,0,-407.732,1.278483E-07,0.4226182,-5.961662E-08,0.9063078,1,1,1,0,100,0,0,
NEUTRAL STATIC,PylonCableEnd,0,-575.9761,0,318.5048,-7.734067E-08,0.08715568,5.064479E-08,0.9961947,1,1,1,0,100,0,0,
NEUTRAL STATIC,lo_ShopH,0,-157.2878,0,453.641,4.371133E-08,1,8.146037E-08,6.516827E-07,1,1,1,0,100,0,0,
NEUTRAL STATIC,sandbagTypeE,0,421.2746,3.668456,-421.7336,8.146034E-08,0,0,1,1,1,1,0,100,0,0,
ENEMY STATIC,enemy_AARapier,0,76.39137,3.578369,-304.3697,6.591773E-08,0.7372774,6.040246E-08,0.6755902,1,1,1,0,100,0,0,
NEUTRAL STATIC,lo_Tower,0,235.2154,0,286.3846,2.183049E-08,-0.02158916,1.402952E-09,0.9997669,1,1,1,0,100,0,0,
NEUTRAL STATIC,lo_ShopB,0,-212.2783,0,538.2213,-6.172263E-09,1,2.832768E-16,-3.597462E-08,1,1,1,0,100,0,0,
NEUTRAL STATIC,PylonCableLOD_A,0,689.0063,0,5.085876,5.064479E-08,0.9961947,7.734067E-08,-0.08715573,1,1,1,0,100,0,1,
ENEMY MOBILE,enemy_tank_small,0,84.0302,2.585449,-286.5071,-9.230137E-08,-0.4226182,5.189344E-09,0.9063078,1,1,1,0,100,0,0,
NEUTRAL STATIC,lo_ShopH,0,137.1533,0,158.7306,-8.146036E-08,-3.377662E-07,4.371136E-08,1,1,1,1,0,100,0,0,
NEUTRAL STATIC,treeB_LOD_A,0,-544.0635,0,55.61475,-1.491134E-08,0.7933534,9.123664E-08,0.6087614,1,1,1,0,100,0,0,
NEUTRAL STATIC,lo_WaterTowerB,0,-519.6969,0,4.22261,-1.196322E-33,0.2588191,1.58481E-17,0.9659258,1,1,1,0,100,0,0,
NEUTRAL STATIC,tentCamoC,0,-436.3713,0,-582.4819,7.638668E-08,0.8870108,5.207252E-08,-0.4617487,1,1,1,0,100,0,0,
NEUTRAL STATIC,treeB_LOD_A,0,178.9858,-1.084717,-434.7199,6.03065E-08,0.976296,7.006854E-08,-0.2164396,1,1,1,0,100,0,0,
NEUTRAL STATIC,lo_B_TypeF,0,-246.6765,0,-416.6185,-7.539713E-08,0.4226181,1.460621E-08,0.9063079,1,1,1,0,100,0,0,
NEUTRAL STATIC,RockGroupA,0,-757.6605,0,-298.4163,8.146034E-08,0,0,1,1,1,1,0,100,0,0,
NEUTRAL STATIC,watchTower,0,-800.6313,0,-220.4482,8.146034E-08,0,0,1,1,1,1,0,100,0,0,
NEUTRAL STATIC,lo_ShopA,0,190.9233,0,302.2913,-5.760116E-08,0.7071068,5.760116E-08,0.7071068,1,1,1,0,100,0,0,
NEUTRAL STATIC,lo_ShopE,0,-419.493,0,516.4545,-5.760116E-08,0.7071068,5.760116E-08,0.7071068,1,1,1,0,100,0,0,
NEUTRAL STATIC,PylonCableLOD_A,0,558.7704,0,-733.5199,5.064479E-08,0.9961947,7.734067E-08,-0.08715573,1,1,1,0,100,0,1,
NEUTRAL STATIC,sandbagTypeE,0,204.8175,0,-91.77872,8.146034E-08,0,0,1,1,1,1,0,100,0,0,
NEUTRAL STATIC,treeB_LOD_A,0,-752.7108,0,-454.1626,-5.207254E-08,0.4617485,7.638667E-08,0.8870109,1,1,1,0,100,0,0,
NEUTRAL STATIC,RockGroupB,0,-131.0723,0,-603.0667,8.146034E-08,0,0,1,1,1,1,0,100,0,0,
NEUTRAL STATIC,sandbagTypeC,0,-158.7223,0,-276.8577,1.878499E-07,-0.2164396,7.980272E-08,0.976296,1,1,1,0,100,0,0,
NEUTRAL STATIC,lo_ShopC,0,157.2334,0,744.5901,-5.760115E-08,-0.7071068,-5.760115E-08,0.7071068,1,1,1,0,100,0,0,
NEUTRAL STATIC,lo_Tower,0,-482.1771,0,4.718964,0.6644631,-0.6644631,0.2418447,-0.2418447,1,1,1,0,100,0,0,
NEUTRAL STATIC,barrier,0,-11.05106,0,225.8192,8.146034E-08,0,0,1,1,1,1,0,100,0,1,
NEUTRAL STATIC,lo_RuinA,0,135.0085,0,794.7164,4.37114E-08,1,8.146034E-08,-1.509958E-07,1,1,1,0,100,0,0,
ENEMY STATIC,enemy_AAMobile,0,642.9942,2.395996,-487.6193,-8.373925E-08,0.9990482,-3.656135E-09,0.04361939,1,1,1,0,100,0,0,
NEUTRAL STATIC,PylonLOD_A,0,-619.5112,0,71.75116,5.064479E-08,0.9961947,7.734067E-08,-0.08715573,1,1,1,0,100,0,0,
NEUTRAL STATIC,lo_Tower,0,-383.6089,0,-77.87279,1.980798E-08,0.4226184,-9.236619E-09,0.9063078,1,1,1,0,100,0,0,
NEUTRAL STATIC,RockGroupD,0,-385.2214,0,183.6773,8.146034E-08,0,0,1,1,1,1,0,100,0,0,
NEUTRAL STATIC,treeB_LOD_A,0,50.6936,0,-376.6328,-1.491134E-08,0.7933534,9.123664E-08,0.6087614,1,1,1,0,100,0,0,
NEUTRAL STATIC,tentCamoC,0,662.1086,0,-506.0972,5.719277E-08,0.9848077,7.263236E-08,-0.1736484,1,1,1,0,100,0,0,
NEUTRAL STATIC,tentCamoE,0,-460.2527,0,-608.4403,-5.760116E-08,0.7071068,5.760116E-08,0.7071068,1,1,1,0,100,0,0,
NEUTRAL STATIC,lo_B_TypeB,0,239.3451,0,200.2148,4.371141E-08,1,8.146034E-08,-2.384186E-07,1,1,1,0,100,0,0,
NEUTRAL STATIC,lo_B_TypeH,0,-361.3647,6.67572E-05,-212.2785,1.32142E-08,0.9396927,9.149786E-08,0.3420201,1,1,1,0,100,0,0,
ENEMY STATIC,enemy_AARapier,0,421.364,7.485596,-421.5805,8.429371E-08,1,-3.3919E-15,-4.214686E-08,1,1,1,0,100,0,0,
NEUTRAL STATIC,lo_B_TypeH,0,438.0044,3.600362,-361.4512,-5.760116E-08,0.7071068,5.760116E-08,0.7071068,1,1,1,0,100,0,0,
NEUTRAL STATIC,lo_ShopH,0,-397.4661,0,562.098,7.40426E-08,0.9063079,5.535493E-08,-0.4226181,1,1,1,0,100,0,0,
NEUTRAL STATIC,RockGroupG,0,3.004883,0,474.5341,8.146034E-08,0,0,1,1,1,1,0,100,0,0,
NEUTRAL STATIC,lo_ShopG,0,-212.6368,0,455.8651,-5.760116E-08,0.7071068,5.760116E-08,0.7071068,1,1,1,0,100,0,0,
NEUTRAL STATIC,sandbagTypeE,0,-452.2244,0,-683.4961,8.146034E-08,0,0,1,1,1,1,0,100,0,0,
NEUTRAL STATIC,tentBrownA,0,277.2318,-0.1772461,-54.42371,8.146034E-08,1.509958E-07,1.910685E-15,1,1,1,1,0,100,0,0,
NEUTRAL STATIC,tentCamoA,0,-475.2696,-0.1772461,-548.666,-1.711291E-15,1,-2.185569E-08,-7.54979E-08,1,1,1,0,100,0,0,
NEUTRAL STATIC,treeC_LOD_A,0,-746.1136,0,-178.7075,-8.899028E-08,-0.2164396,2.504401E-08,0.976296,1,1,1,0,100,0,0,
NEUTRAL STATIC,barrier,0,760.2672,0,-135.6323,9.867338E-09,-0.5564633,2.454285E-08,0.8308722,1,1,1,0,100,0,1,
NEUTRAL STATIC,barrier,0,-443.0514,0,225.8194,8.146034E-08,0,0,1,1,1,1,0,100,0,1,
NEUTRAL STATIC,treeA_LOD_A,0,136.0596,0,87.80664,1.321419E-08,0.9396926,9.149786E-08,0.3420202,1,1,1,0,100,0,0,
NEUTRAL STATIC,RockGroupB,0,525.8035,0,-150.5514,8.146034E-08,0,0,1,1,1,1,0,100,0,0,
NEUTRAL STATIC,barrierCR,0,-256.8329,0,225.8194,8.146034E-08,0,0,1,1,1,1,0,100,0,1,
NEUTRAL STATIC,lo_MosqueA,0,-359.5549,0,537.5272,-5.946556E-09,-0.7071068,-5.946556E-09,0.7071068,1,1,1,0,100,0,0,
NEUTRAL STATIC,treeB_LOD_A,0,-217.5596,0,57.47803,1.719269E-08,0.9537169,9.083438E-08,0.3007059,1,1,1,0,100,0,0,
NEUTRAL STATIC,lo_ShopB,0,484.6771,0,-498.5313,2.843772E-08,0.9987363,-8.915767E-09,-0.05025834,1,1,1,0,100,0,0,
NEUTRAL STATIC,barrier,0,288.9491,0,225.8191,8.146034E-08,0,0,1,1,1,1,0,100,0,1,
NEUTRAL STATIC,barrier,0,481.5967,0,-812.5123,9.867338E-09,-0.5564633,2.454285E-08,0.8308722,1,1,1,0,100,0,1,
NEUTRAL STATIC,sandbagTypeD,0,-198.3414,0,-300.5261,-5.759276E-09,-0.258819,-1.543193E-09,0.9659259,1,1,1,0,100,0,0,
NEUTRAL STATIC,tentCamoA,0,-468.0284,-0.1772461,-548.6448,-1.711291E-15,1,-2.185569E-08,-7.54979E-08,1,1,1,0,100,0,0,
NEUTRAL STATIC,treeC_LOD_A,0,194.082,0,346.96,-8.584657E-08,-0.7660444,-3.43051E-08,0.6427877,1,1,1,0,100,0,0,
NEUTRAL STATIC,lo_ShopA,0,-202.7671,0,-222.6069,7.404261E-08,0.9063078,5.53549E-08,-0.4226184,1,1,1,0,100,0,0,
NEUTRAL STATIC,RockGroupF,0,108.7009,0,99.23029,8.146034E-08,0,0,1,1,1,1,0,100,0,0,
NEUTRAL STATIC,PylonLOD_A,0,558.0037,0,-732.4994,5.064479E-08,0.9961947,7.734067E-08,-0.08715573,1,1,1,0,100,0,0,
ENEMY MOBILE,enemy_jeep,0,590.2836,2.215088,-514.1605,-3.608097E-08,0.1939143,-6.98267E-08,0.9810185,1,1,1,0,100,0,0,
NEUTRAL STATIC,PylonCableLOD_A,0,-662.8003,0,-173.9008,5.064479E-08,0.9961947,7.734067E-08,-0.08715573,1,1,1,0,100,0,1,
NEUTRAL STATIC,sandbagTypeE,0,-14.84212,0,575.0347,8.146034E-08,0,0,1,1,1,1,0,100,0,0,
NEUTRAL STATIC,lo_ShopF,0,-360.5659,0,579.3503,-5.760115E-08,-0.7071068,-5.760115E-08,0.7071068,1,1,1,0,100,0,0,
NEUTRAL STATIC,lo_ShopE,0,395.3398,0,274.7081,4.371141E-08,1,8.146034E-08,-2.384186E-07,1,1,1,0,100,0,0,
NEUTRAL STATIC,PylonLOD_A,0,515.6664,0,-978.1732,5.064479E-08,0.9961947,7.734067E-08,-0.08715573,1,1,1,0,100,0,0,
NEUTRAL STATIC,lo_ShopG,0,157.0328,0,169.1122,-8.146034E-08,-4.371139E-08,4.371138E-08,1,1,1,1,0,100,0,0,
NEUTRAL STATIC,barrier,0,-659.0518,0,225.8195,8.146034E-08,0,0,1,1,1,1,0,100,0,1,
NEUTRAL STATIC,treeB_LOD_A,0,140.145,0,363.1006,-1.491134E-08,0.7933534,9.123664E-08,0.6087614,1,1,1,0,100,0,0,
NEUTRAL STATIC,barrier,0,432.949,0,225.819,8.146034E-08,0,0,1,1,1,1,0,100,0,1,
NEUTRAL STATIC,sandbagTypeE,0,-9.421219,0,637.7245,8.146034E-08,0,0,1,1,1,1,0,100,0,0,
NEUTRAL STATIC,lo_RuinA,0,242.075,0,304.5963,-5.760116E-08,0.7071068,5.760116E-08,0.7071068,1,1,1,0,100,0,0,
NEUTRAL STATIC,lo_B_TypeA,0,-211.7298,0,401.9988,-5.760116E-08,0.7071068,5.760116E-08,0.7071068,1,1,1,0,100,0,0,
NEUTRAL STATIC,lo_B_TypeD,0,-225.1802,0,155.1312,-5.760116E-08,0.7071068,5.760116E-08,0.7071068,1,1,1,0,100,0,0,
NEUTRAL STATIC,lo_ShopC,0,241.2407,0,254.1796,-8.146034E-08,-4.371139E-08,4.371138E-08,1,1,1,1,0,100,0,0,
NEUTRAL STATIC,lo_ShopB,0,402.5168,3.608399,-360.5512,1.460768E-07,-0.7023919,1.073907E-07,0.7117906,1,1,1,0,100,0,0,
NEUTRAL STATIC,treeA_LOD_A,0,-48.7793,0,700.9342,-8.646893E-08,-0.1305262,3.270472E-08,0.9914449,1,1,1,0,100,0,0,
NEUTRAL STATIC,RockGroupG,0,-288.8535,0,23.47726,8.146034E-08,0,0,1,1,1,1,0,100,0,0,
NEUTRAL STATIC,treeB_LOD_A,0,210.2236,17.21753,461.5658,-1.491134E-08,0.7933534,9.123664E-08,0.6087614,1,1,1,0,100,0,0,
NEUTRAL STATIC,treeA_LOD_A,0,-196.6025,0,66.17896,-8.063441E-08,-0.8433915,-4.521685E-08,0.5372995,1,1,1,0,100,0,0,
ENEMY STATIC,enemy_AAMobile,0,343.9926,1.40885,-581.7267,-0.03215963,0.7365756,0.02946876,0.6749472,1,1,1,0,100,0,0,
NEUTRAL STATIC,lo_ShopH,0,-144.5417,0,-383.594,7.40426E-08,0.9063079,5.535493E-08,-0.4226181,1,1,1,0,100,0,0,
NEUTRAL STATIC,lo_RuinB,0,-478.0737,0.4537458,-636.8195,-3.651769E-08,0.258819,1.784528E-07,0.9659259,1,1,1,0,100,0,0,
NEUTRAL STATIC,lo_B_TypeF,0,-249.6158,-0.1900721,-166.5823,-6.946361E-08,0.9063078,-2.635574E-07,-0.4226182,1,1,1,0,100,0,0,
NEUTRAL STATIC,tentBrownC,0,94.06952,0,-321.0988,5.760116E-08,0.7071068,-5.760116E-08,0.7071068,1,1,1,0,100,0,0,
ENEMY STATIC,enemy_AASAM,0,191.6077,17.32483,195.347,-7.549792E-08,1,6.123234E-17,-6.123234E-17,1,1,1,0,100,0,0,
NEUTRAL STATIC,sandbagTypeE,0,213.1535,0,780.3296,8.115036E-08,-0.0871558,7.099741E-09,0.9961947,1,1,1,0,100,0,0,
NEUTRAL STATIC,lo_ShopB,0,-219.2462,0,-374.524,3.65969E-17,0.9396927,3.65969E-17,0.34202,1,1,1,0,100,0,0,
NEUTRAL STATIC,treeB_LOD_A,0,-163.8296,0,184.8601,-3.05279E-08,0.6755901,8.726123E-08,0.7372775,1,1,1,0,100,0,0,
NEUTRAL STATIC,lo_RuinB,0,538.8307,0,-464.7368,-1.887683E-08,0.7660444,9.049938E-08,0.6427876,1,1,1,0,100,0,0,
ENEMY STATIC,enemy_AASAM,0,503.7725,18.8999,-542.2899,-7.549792E-08,1,6.123234E-17,-6.123234E-17,1,1,1,0,100,0,0,
NEUTRAL STATIC,PylonCableLOD_A,0,602.1824,0,-487.318,5.064479E-08,0.9961947,7.734067E-08,-0.08715573,1,1,1,0,100,0,1,
NEUTRAL STATIC,lo_B_TypeB,0,-515.7472,0,29.91602,7.404261E-08,0.9063078,5.53549E-08,-0.4226184,1,1,1,0,100,0,0,
NEUTRAL STATIC,lo_B_TypeH,0,549.5856,3.433228E-05,-507.4088,8.673308E-08,0.8191521,1.601759E-07,0.5735765,1,1,1,0,100,0,0,
NEUTRAL STATIC,treeA_LOD_A,0,529.9702,0,-432.3672,9.21053E-09,0.9238795,9.198717E-08,0.3826835,1,1,1,0,100,0,0,
NEUTRAL STATIC,lo_ShopB,0,-504.0228,0,7.375473,-1.213396E-07,0.9396927,8.510497E-08,0.3420199,1,1,1,0,100,0,0,
NEUTRAL STATIC,treeC_LOD_A,0,-384.2535,-4.793754,-669.4553,-8.584657E-08,-0.7660444,-3.43051E-08,0.6427877,1,1,1,0,100,0,0,
NEUTRAL STATIC,RockGroupE,0,-713.8662,0,-345.1597,8.146034E-08,0,0,1,1,1,1,0,100,0,0,
ENEMY STATIC,enemy_AASAM,0,49.71202,5.998535,-459.9988,-7.549792E-08,1,6.123234E-17,-6.123234E-17,1,1,1,0,100,0,0,
NEUTRAL STATIC,treeA_LOD_A,0,-313.4116,0,200.3865,4.722303E-08,0.9990482,7.947614E-08,-0.04361938,1,1,1,0,100,0,0,
ENEMY MOBILE,enemy_jeep,0,203.9614,2.178467,-48.77222,-5.424729E-08,0.4617487,-5.687562E-08,0.8870108,1,1,1,0,100,0,0,
NEUTRAL STATIC,PylonLOD_A,0,-575.9375,0,318.4767,5.064479E-08,0.9961947,7.734067E-08,-0.08715573,1,1,1,0,100,0,0,
NEUTRAL STATIC,RockGroupF,0,598.892,0,-442.9973,8.146034E-08,0,0,1,1,1,1,0,100,0,0,
NEUTRAL STATIC,treeB_LOD_A,0,-815.5738,-1.476807,-107.7798,-1.491134E-08,0.7933534,9.123664E-08,0.6087614,1,1,1,0,100,0,0,
NEUTRAL STATIC,treeA_LOD_A,0,-734.2228,-1.348755,-126.1909,-6.454585E-08,0.3007058,6.618389E-08,0.953717,1,1,1,0,100,0,0,
NEUTRAL STATIC,barrier,0,-149.0512,0,225.8193,8.146034E-08,0,0,1,1,1,1,0,100,0,1,
ENEMY MOBILE,enemy_tank_big,0,272.6205,2.146973,-71.17932,8.376616E-09,0.9203739,9.206685E-08,0.3910394,1,1,1,0,100,0,0,
NEUTRAL STATIC,lo_RuinB,0,296.6293,0,202.4941,4.371141E-08,1,8.146034E-08,-2.384186E-07,1,1,1,0,100,0,0,
NEUTRAL STATIC,lo_B_TypeE,0,159.8123,0,-208.5278,-8.146034E-08,-4.371139E-08,4.371138E-08,1,1,1,1,0,100,0,0,
NEUTRAL STATIC,PylonLOD_A,0,602.1824,0,-487.318,5.064479E-08,0.9961947,7.734067E-08,-0.08715573,1,1,1,0,100,0,0,
NEUTRAL STATIC,lo_B_TypeA,0,137.4841,0,771.7422,-5.760115E-08,-0.7071068,-5.760115E-08,0.7071068,1,1,1,0,100,0,0,
NEUTRAL STATIC,tentCamoF,0,4.578888,0,607.5432,4.371141E-08,1,8.146034E-08,-2.384186E-07,1,1,1,0,100,0,0,
NEUTRAL STATIC,treeC_LOD_A,0,-70.49292,0,509.8659,6.330546E-08,0.9659258,6.73713E-08,-0.2588193,1,1,1,0,100,0,0,
NEUTRAL STATIC,lo_ShopB,0,-218.7591,0,-251.9805,3.558711E-08,0.9396927,6.068269E-08,0.3420198,1,1,1,0,100,0,0,
NEUTRAL STATIC,barrier,0,576.949,0,225.8189,8.146034E-08,0,0,1,1,1,1,0,100,0,1,
NEUTRAL STATIC,PylonCableLOD_A,0,-575.9763,0,318.503,5.064479E-08,0.9961947,7.734067E-08,-0.08715573,1,1,1,0,100,0,1,
NEUTRAL STATIC,treeC_LOD_A,0,-2.040039,0,658.0679,6.330546E-08,0.9659258,6.73713E-08,-0.2588193,1,1,1,0,100,0,0,
NEUTRAL STATIC,lo_ShopH,0,-372.8088,0,-233.7195,-9.149787E-08,-0.3420204,1.321417E-08,0.9396926,1,1,1,0,100,0,0,
NEUTRAL STATIC,barrier,0,454.1865,0,-879.0907,9.867338E-09,-0.5564633,2.454285E-08,0.8308722,1,1,1,0,100,0,1,
NEUTRAL STATIC,tentBrownA,0,68.66327,3.465363,-458.2004,1.545431E-08,0.7071068,-1.545431E-08,0.7071068,1,1,1,0,100,0,0,
NEUTRAL STATIC,lo_WaterTowerB,0,341.3497,0,284.3615,-2.185232E-09,0.1090914,-4.971765E-09,0.9940317,1,1,1,0,100,0,0,
NEUTRAL STATIC,treeB_LOD_A,0,544.1479,0,-370.3403,-8.063441E-08,-0.8433915,-4.521685E-08,0.5372995,1,1,1,0,100,0,0,
NEUTRAL STATIC,sandbagTypeF,0,-170.6697,0,-301.0813,4.691336E-07,0.4999999,-1.848224E-07,0.8660254,1,1,1,0,100,0,0,
NEUTRAL STATIC,tentCamoA,0,118.7678,0,-303.068,8.146034E-08,0,0,1,1,1,1,0,100,0,0,
NEUTRAL STATIC,lo_B_TypeD,0,-352.8784,0,-133.951,1.32142E-08,0.9396927,9.149786E-08,0.3420201,1,1,1,0,100,0,0,
NEUTRAL STATIC,tentCamoD,0,-503.4456,0,-594.264,-5.760116E-08,0.7071068,5.760116E-08,0.7071068,1,1,1,0,100,0,0,
NEUTRAL STATIC,lo_ShopF,0,-369.5305,0,-98.78809,-9.149786E-08,-0.3420202,1.321419E-08,0.9396926,1,1,1,0,100,0,0,
NEUTRAL STATIC,RockGroupA,0,-161.5334,0,-122.9331,8.146034E-08,0,0,1,1,1,1,0,100,0,0,
NEUTRAL STATIC,PylonLOD_A,0,-662.8003,0,-173.9008,5.064479E-08,0.9961947,7.734067E-08,-0.08715573,1,1,1,0,100,0,0,
NEUTRAL STATIC,sandbagTypeE,0,-821.1698,0,-179.8941,8.146034E-08,0,0,1,1,1,1,0,100,0,0,
NEUTRAL STATIC,treeC_LOD_A,0,-575.2668,0,-601.6753,-9.149786E-08,-0.3420202,1.321419E-08,0.9396926,1,1,1,0,100,0,0,
NEUTRAL STATIC,treeA_LOD_A,0,57.62695,0,-282.2476,-6.454585E-08,0.3007058,6.618389E-08,0.953717,1,1,1,0,100,0,0,
NEUTRAL STATIC,lo_ShopH,0,109.0869,0,198.4375,4.371133E-08,1,8.146037E-08,6.516827E-07,1,1,1,0,100,0,0,
NEUTRAL STATIC,tentBrownD,0,101.6893,0,-288.0323,5.760116E-08,0.7071068,-5.760116E-08,0.7071068,1,1,1,0,100,0,0,
NEUTRAL STATIC,lo_ShopE,0,-190.9575,0,-414.0607,1.32142E-08,0.9396927,9.149786E-08,0.3420201,1,1,1,0,100,0,0,
NEUTRAL STATIC,tentCamoF,0,666.5195,0,-554.2093,4.371141E-08,1,8.146034E-08,-2.384186E-07,1,1,1,0,100,0,0,
NEUTRAL STATIC,lo_B_TypeH,0,-341.8461,6.771088E-05,-234.0724,7.404261E-08,0.9063078,5.53549E-08,-0.4226184,1,1,1,0,100,0,0,
NEUTRAL STATIC,RockGroupD,0,-98.55745,0,-97.69521,8.146034E-08,0,0,1,1,1,1,0,100,0,0,
NEUTRAL STATIC,lo_B_TypeB,0,-360.0392,0,-254.2544,-5.535491E-08,0.4226183,7.40426E-08,0.9063078,1,1,1,0,100,0,0,
ENEMY MOBILE,enemy_tank_small,0,224.2849,2.236328,-495.4576,-3.801703E-08,0.6087615,8.42685E-08,0.7933534,1,1,1,0,100,0,0,
NEUTRAL STATIC,RockGroupD,0,-215.9993,0,-624.6525,8.146034E-08,0,0,1,1,1,1,0,100,0,0,
NEUTRAL STATIC,treeB_LOD_A,0,641.9756,0,-570.4482,1.158273E-09,0.8870108,9.243988E-08,0.4617486,1,1,1,0,100,0,0,
NEUTRAL STATIC,tentBrownA,0,68.78046,3.465363,-466.6245,9.974801E-08,-0.7071068,9.974801E-08,0.7071068,1,1,1,0,100,0,0,
NEUTRAL STATIC,treeB_LOD_A,0,-340.1148,0,-540.1978,-1.491134E-08,0.7933534,9.123664E-08,0.6087614,1,1,1,0,100,0,0,
NEUTRAL STATIC,bunkerLong,0,234.6921,0,-40.3042,-4.216083E-09,0.7071068,4.216083E-09,0.7071068,1,1,1,0,100,0,0,
NEUTRAL STATIC,lo_ShopG,0,-231.4656,0,196.0363,4.371141E-08,1,8.146034E-08,-2.384186E-07,1,1,1,0,100,0,0,
NEUTRAL STATIC,PylonCableEnd,0,689.0066,0,5.087616,-7.734067E-08,0.08715568,5.064479E-08,0.9961947,1,1,1,0,100,0,0,
NEUTRAL STATIC,lo_ShopD,0,158.4296,0,-152.7358,4.371141E-08,1,8.146034E-08,-2.384186E-07,1,1,1,0,100,0,0,
NEUTRAL STATIC,lo_ShopF,0,-208.4822,0,492.9828,4.371141E-08,1,8.146034E-08,-2.384186E-07,1,1,1,0,100,0,0,
ENEMY MOBILE,enemy_truck_medic,0,125.2656,2.824951,-265.1899,-6.711935E-08,0.6755902,-4.08974E-08,0.7372773,1,1,1,0,100,0,0,
NEUTRAL STATIC,lo_RuinB,0,153.5555,0,137.2007,4.371141E-08,1,8.146034E-08,-2.384186E-07,1,1,1,0,100,0,0,
NEUTRAL STATIC,wallConcQuadA,0,-857.3631,0,-226.2258,5.18934E-09,0.9063078,9.230137E-08,0.4226183,1,1,1,0,100,0,0,
NEUTRAL STATIC,sandbagTypeA,0,182.6386,0,355.3947,6.462684E-08,0.6087613,-4.958991E-08,0.7933534,1,1,1,0,100,0,0,
NEUTRAL STATIC,treeA_LOD_A,0,-610.2826,0,-528.6338,-8.646893E-08,-0.1305262,3.270472E-08,0.9914449,1,1,1,0,100,0,0,
NEUTRAL STATIC,lo_B_TypeA,0,-390.6743,0,-216.1831,1.32142E-08,0.9396927,9.149786E-08,0.3420201,1,1,1,0,100,0,0,
NEUTRAL STATIC,lo_ShopA,0,-837.5956,0,-239.917,1.132297E-07,0.9063078,1.426814E-07,0.4226183,1,1,1,0,100,0,0,
NEUTRAL STATIC,lo_B_TypeF,0,356.6274,0,290.4493,1.747456E-17,-0.7372774,-1.747456E-17,0.6755902,1,1,1,0,100,0,0,
NEUTRAL STATIC,lo_B_TypeF,0,-157.0781,0,514.5223,-2.16489E-17,-0.7071068,-2.16489E-17,0.7071068,1,1,1,0,100,0,0,
NEUTRAL STATIC,tentCamoA,0,-484.8477,-0.1772461,-564.1772,-1.711291E-15,1,-2.185569E-08,-7.54979E-08,1,1,1,0,100,0,0,
NEUTRAL STATIC,lo_B_TypeH,0,-265.942,-0.2308636,-428.1738,-9.149786E-08,-0.3420202,1.321419E-08,0.9396926,1,1,1,0,100,0,0,
NEUTRAL STATIC,tentBrownA,0,-467.1993,-0.1772461,-564.1738,-1.711291E-15,1,-2.185569E-08,-7.54979E-08,1,1,1,0,100,0,0,
NEUTRAL STATIC,RockGroupB,0,63.47554,0,436.135,8.146034E-08,0,0,1,1,1,1,0,100,0,0,
NEUTRAL STATIC,lo_Tower,0,530.0195,-1.716614E-05,-522.1204,6.141179E-08,0.7933536,-5.55556E-08,0.6087613,1,1,1,0,100,0,0,
NEUTRAL STATIC,lo_RuinB,0,-451.2561,0,-69.51514,-5.853193E-08,0.3826833,7.155758E-08,0.9238796,1,1,1,0,100,0,0,
NEUTRAL STATIC,lo_B_TypeE,0,95.12451,0,716.2639,-4.974869E-09,0.4226184,1.820829E-07,0.9063078,1,1,1,0,100,0,0,
NEUTRAL STATIC,lo_B_TypeH,0,137.6791,0.01244259,707.1475,-5.760115E-08,-0.7071068,-5.760115E-08,0.7071068,1,1,1,0,100,0,0,
NEUTRAL STATIC,lo_RuinA,0,561.1553,0,-469.0481,-9.123664E-08,-0.6087615,-1.491134E-08,0.7933534,1,1,1,0,100,0,0,
NEUTRAL STATIC,lo_ShopE,0,-199.2671,0,538.1576,4.371141E-08,1,8.146034E-08,-2.384186E-07,1,1,1,0,100,0,0,
NEUTRAL STATIC,sandbagTypeE,0,-238.2845,0,253.3072,8.146034E-08,0,0,1,1,1,1,0,100,0,0,
NEUTRAL STATIC,treeB_LOD_A,0,376.0698,-1.084717,-419.72,6.893636E-08,0.9396926,6.15975E-08,-0.3420203,1,1,1,0,100,0,0,
NEUTRAL STATIC,treeC_LOD_A,0,211.02,0,66.68066,1.321419E-08,0.9396926,9.149786E-08,0.3420202,1,1,1,0,100,0,0,
NEUTRAL STATIC,treeC_LOD_A,0,-604.7707,0,-163.8486,-8.584657E-08,-0.7660444,-3.43051E-08,0.6427877,1,1,1,0,100,0,0,
NEUTRAL STATIC,lo_ShopC,0,-504.4961,0,-19.87846,7.404261E-08,0.9063078,5.53549E-08,-0.4226184,1,1,1,0,100,0,0,
NEUTRAL STATIC,lo_WaterTowerA,0,-394.3703,0,-112.4457,1.278483E-07,0.4226182,-5.961662E-08,0.9063078,1,1,1,0,100,0,0,
NEUTRAL STATIC,lo_B_TypeA,0,-479.62,0,-6.292603,-9.149786E-08,-0.3420202,1.321419E-08,0.9396926,1,1,1,0,100,0,0,
NEUTRAL STATIC,RockGroupB,0,-20.09575,0,85.15161,8.146034E-08,0,0,1,1,1,1,0,100,0,0,
NEUTRAL STATIC,lo_B_TypeD,0,305.3033,0,260.3102,-5.760115E-08,-0.7071068,-5.760115E-08,0.7071068,1,1,1,0,100,0,0,
NEUTRAL STATIC,lo_ShopE,0,-264.9348,0,-152.6115,-9.149786E-08,-0.3420202,1.321419E-08,0.9396926,1,1,1,0,100,0,0,
NEUTRAL STATIC,wallConcQuadB,0,222.7271,0,-68.05641,-5.760116E-08,0.7071068,5.760116E-08,0.7071068,1,1,1,0,100,0,0,
NEUTRAL STATIC,lo_MosqueB,0,135.1377,0,191.9668,-6.123234E-17,1,6.123234E-17,-6.123234E-17,1,1,1,0,100,0,0,
NEUTRAL STATIC,sandbagTypeG,0,676.6018,0,-487.3272,-9.180023E-08,-0.5735765,-1.091746E-08,0.8191521,1,1,1,0,100,0,0,
NEUTRAL STATIC,barrier,0,536.4171,0,-679.3556,9.867338E-09,-0.5564633,2.454285E-08,0.8308722,1,1,1,0,100,0,1,
NEUTRAL STATIC,lo_B_TypeA,0,-194.5653,0,-265.6029,-9.149786E-08,-0.3420202,1.321419E-08,0.9396926,1,1,1,0,100,0,0,
NEUTRAL STATIC,tentCamoD,0,-32.01697,0,599.3256,-5.760116E-08,0.7071068,5.760116E-08,0.7071068,1,1,1,0,100,0,0,
NEUTRAL STATIC,RockGroupG,0,-751.1217,-2.851563,-106.5281,8.146034E-08,0,0,1,1,1,1,0,100,0,0,
NEUTRAL STATIC,lo_ShopG,0,-288.1157,0,-338.2088,-4.974869E-09,0.4226184,1.820829E-07,0.9063078,1,1,1,0,100,0,0,
NEUTRAL STATIC,RockGroupD,0,-23.14753,0,840.223,8.146034E-08,0,0,1,1,1,1,0,100,0,0,
NEUTRAL STATIC,treeB_LOD_A,0,-303.0722,0,-571.2856,-2.875001E-09,0.8660254,9.240242E-08,0.5,1,1,1,0,100,0,0,
NEUTRAL STATIC,treeC_LOD_A,0,-333.0746,0,-531.6621,-7.006853E-08,0.2164396,6.03065E-08,0.976296,1,1,1,0,100,0,0,
NEUTRAL STATIC,barrier,0,732.8571,0,-202.2105,9.867338E-09,-0.5564633,2.454285E-08,0.8308722,1,1,1,0,100,0,1,
NEUTRAL STATIC,treeA_LOD_A,0,8.494141,0,746.7539,-8.646893E-08,-0.1305262,3.270472E-08,0.9914449,1,1,1,0,100,0,0,
NEUTRAL STATIC,lo_ShopB,0,-319.743,0,567.2129,-9.333383E-08,0.9633055,6.189582E-08,-0.2684073,1,1,1,0,100,0,0,
NEUTRAL STATIC,treeC_LOD_A,0,62.28271,0,-279.283,0.1009305,-0.7565419,-0.1202845,0.6348143,1,1,1,0,100,0,0,
NEUTRAL STATIC,treeB_LOD_A,0,-199.0757,0,335.0928,5.064479E-08,0.9961947,7.734067E-08,-0.08715573,1,1,1,0,100,0,0,
NEUTRAL STATIC,PylonCableLOD_A,0,-706.2123,0,-420.1028,5.064479E-08,0.9961947,7.734067E-08,-0.08715573,1,1,1,0,100,0,1,
NEUTRAL STATIC,treeB_LOD_A,0,179.6162,-1.084717,-427.1887,-9.218907E-08,-0.5372996,-6.902796E-09,0.8433915,1,1,1,0,100,0,0,
NEUTRAL STATIC,sandbagTypeE,0,49.74869,2.254425,-460.007,1.409307E-07,6.153168E-09,0.04361938,0.9990482,1,1,1,0,100,0,0,
NEUTRAL STATIC,treeB_LOD_A,0,-301.7295,0,413.3315,1.719269E-08,0.9537169,9.083438E-08,0.3007059,1,1,1,0,100,0,0,
NEUTRAL STATIC,lo_ShopE,0,-179.9435,0,538.8177,-5.760116E-08,0.7071068,5.760116E-08,0.7071068,1,1,1,0,100,0,0,
NEUTRAL STATIC,lo_ShopB,0,111.5168,0,761.8361,5.957684E-08,0.006646066,-2.237252E-09,0.9999779,1,1,1,0,100,0,0,
NEUTRAL STATIC,lo_ShopE,0,-436.1819,0,-95.08707,1.32142E-08,0.9396927,9.149786E-08,0.3420201,1,1,1,0,100,0,0,
NEUTRAL STATIC,lo_B_TypeI,0,-278.0806,0,-266.2324,-4.974869E-09,0.4226184,1.820829E-07,0.9063078,1,1,1,0,100,0,0,
NEUTRAL STATIC,lo_WaterTowerA,0,206.9937,0,262.1813,2.166964E-08,-0.02158917,8.851795E-09,0.9997669,1,1,1,0,100,0,0,
NEUTRAL STATIC,tentCamoE,0,11.17596,0,585.1493,-5.760116E-08,0.7071068,5.760116E-08,0.7071068,1,1,1,0,100,0,0,
NEUTRAL STATIC,sandbagTypeC,0,-346.9108,0,-2.464409,2.36141E-08,0.9990482,-4.981369E-07,0.04362049,1,1,1,0,100,0,0,
NEUTRAL STATIC,treeA_LOD_A,0,-92.75928,0,144.5039,4.722303E-08,0.9990482,7.947614E-08,-0.04361938,1,1,1,0,100,0,0,
NEUTRAL STATIC,barrier,0,815.0878,0,-2.475464,9.867338E-09,-0.5564633,2.454285E-08,0.8308722,1,1,1,0,100,0,1,
NEUTRAL STATIC,PylonLOD_A,0,645.4714,0,-241.666,5.064479E-08,0.9961947,7.734067E-08,-0.08715573,1,1,1,0,100,0,0,
NEUTRAL STATIC,treeA_LOD_A,0,-500.7778,0,102.8994,-6.454585E-08,0.3007058,6.618389E-08,0.953717,1,1,1,0,100,0,0,
NEUTRAL STATIC,lo_RuinA,0,157.4526,0,19.27258,4.37114E-08,1,8.146034E-08,-1.509958E-07,1,1,1,0,100,0,0,
NEUTRAL STATIC,tentBrownA,0,-475.6235,-0.1772461,-564.291,8.146034E-08,1.509958E-07,1.910685E-15,1,1,1,1,0,100,0,0,
NEUTRAL STATIC,lo_WaterTowerB,0,103.8569,0,747.8024,2.504291E-08,-0.1736483,7.25054E-08,0.9848077,1,1,1,0,100,0,0,
NEUTRAL STATIC,tentBrownA,0,269.4476,-0.1772461,-39.29236,8.146034E-08,0,0,1,1,1,1,0,100,0,0,
NEUTRAL STATIC,tentCamoB,0,224.5632,-0.09924316,-62.51746,1.303271E-07,-0.3826835,5.398324E-08,0.9238795,1,1,1,0,100,0,0,
NEUTRAL STATIC,treeB_LOD_A,0,61.71017,0,-146.9268,0.01106819,0.319693,0.1621438,0.9334791,1,1,1,0,100,0,0,
NEUTRAL STATIC,lo_B_TypeB,0,457.7225,0,-518.3203,4.371141E-08,1,8.146034E-08,-2.384186E-07,1,1,1,0,100,0,0,
NEUTRAL STATIC,lo_ShopG,0,-349.791,0,-180.6324,1.32142E-08,0.9396927,9.149786E-08,0.3420201,1,1,1,0,100,0,0,
NEUTRAL STATIC,treeC_LOD_A,0,-134.9388,0,617.0626,6.330546E-08,0.9659258,6.73713E-08,-0.2588193,1,1,1,0,100,0,0,
NEUTRAL STATIC,RockGroupF,0,-204.0161,0,-519.6765,8.146034E-08,0,0,1,1,1,1,0,100,0,0,
NEUTRAL STATIC,lo_B_TypeG,0,317.0015,0,300.0067,4.214685E-08,1,6.123234E-17,-6.123234E-17,1,1,1,0,100,0,0,
NEUTRAL STATIC,lo_RuinB,0,-253.2523,0,-243.7524,1.32142E-08,0.9396927,9.149786E-08,0.3420201,1,1,1,0,100,0,0,
NEUTRAL STATIC,treeA_LOD_A,0,36.12207,0,642.1217,-8.646893E-08,-0.1305262,3.270472E-08,0.9914449,1,1,1,0,100,0,0,
NEUTRAL STATIC,treeC_LOD_A,0,-786.0591,0,-375.1011,-9.149786E-08,-0.3420202,1.321419E-08,0.9396926,1,1,1,0,100,0,0,
NEUTRAL STATIC,lo_ShopC,0,-181.2813,-1.093242,193.5749,4.371141E-08,1,8.146034E-08,-2.384186E-07,1,1,1,0,100,0,0,
NEUTRAL STATIC,lo_MosqueB,0,421.9111,3.837159,-385.4556,-6.123234E-17,1,6.123234E-17,-6.123234E-17,1,1,1,0,100,0,0,
NEUTRAL STATIC,treeC_LOD_A,0,61.24658,0,90.27441,1.321419E-08,0.9396926,9.149786E-08,0.3420202,1,1,1,0,100,0,0,
NEUTRAL STATIC,barrier,0,504.949,0,225.819,8.146034E-08,0,0,1,1,1,1,0,100,0,1,
NEUTRAL STATIC,sandbagTypeF,0,163.2623,0,-127.6368,-5.760116E-08,0.7071068,5.760116E-08,0.7071068,1,1,1,0,100,0,0,
NEUTRAL STATIC,sandbagTypeE,0,-54.14973,0,615.2516,8.146034E-08,0,0,1,1,1,1,0,100,0,0,
NEUTRAL STATIC,RockGroupD,0,-225.7142,0,343.7455,8.146034E-08,0,0,1,1,1,1,0,100,0,0,
NEUTRAL STATIC,lo_ShopB,0,-286.5757,0,-201.3888,7.345976E-08,-0.34202,-4.883546E-08,0.9396927,1,1,1,0,100,0,0,
NEUTRAL STATIC,lo_ShopH,0,-392.2639,0,-69.46008,9.210461E-09,0.9238793,9.198718E-08,0.3826842,1,1,1,0,100,0,0,
NEUTRAL STATIC,barrier,0,-515.0515,0,225.8194,8.146034E-08,0,0,1,1,1,1,0,100,0,1,
NEUTRAL STATIC,treeC_LOD_A,0,-136.4731,0,118.5818,-2.875001E-09,0.8660254,9.240242E-08,0.5,1,1,1,0,100,0,0,
NEUTRAL STATIC,lo_B_TypeH,0,-196.6506,-0.9307489,425.3457,-5.760115E-08,-0.7071068,-5.760115E-08,0.7071068,1,1,1,0,100,0,0,
NEUTRAL STATIC,barrier,0,-371.0513,0,225.8194,8.146034E-08,0,0,1,1,1,1,0,100,0,1,
NEUTRAL STATIC,sandbagTypeE,0,-515.3798,0,-559.1531,8.146034E-08,0,0,1,1,1,1,0,100,0,0,
NEUTRAL STATIC,barrier,0,360.9491,0,225.8191,8.146034E-08,0,0,1,1,1,1,0,100,0,1,
NEUTRAL STATIC,tentCamoA,0,277.5855,-0.1772461,-38.79877,-1.711291E-15,1,-2.185569E-08,-7.54979E-08,1,1,1,0,100,0,0,
NEUTRAL STATIC,lo_Tower,0,127.594,0,776.8633,8.146034E-08,0,0,1,1,1,1,0,100,0,0,
NEUTRAL STATIC,lo_ShopG,0,-511.8489,0,-667.6683,6.330546E-08,0.9659258,6.73713E-08,-0.2588193,1,1,1,0,100,0,0,
NEUTRAL STATIC,tentBrownA,0,285.6558,-0.1772461,-54.30652,-1.711291E-15,1,-2.185569E-08,-7.54979E-08,1,1,1,0,100,0,0,
NEUTRAL STATIC,watchTower,0,-891.6135,0,-268.9643,8.146034E-08,0,0,1,1,1,1,0,100,0,0,
NEUTRAL STATIC,treeB_LOD_A,0,-46.73755,0,575.3506,-5.207254E-08,0.4617485,7.638667E-08,0.8870109,1,1,1,0,100,0,0,
NEUTRAL STATIC,barrier,0,648.949,0,225.8189,8.146034E-08,0,0,1,1,1,1,0,100,0,1,
NEUTRAL STATIC,sandbagTypeA,0,-414.6387,0,-670.6599,7.952938E-08,-0.2164413,1.763138E-08,0.9762957,1,1,1,0,100,0,0,
NEUTRAL STATIC,lo_RuinB,0,-538.288,0,14.44629,1.308846E-07,0.953717,1.266813E-07,0.3007057,1,1,1,0,100,0,0,
NEUTRAL STATIC,RockGroupA,0,245.6107,-1.406738,62.41571,1.229498E-08,0.9961945,-1.405282E-07,0.08715826,1,1,1,0,100,0,0,
NEUTRAL STATIC,RockGroupE,0,-42.32924,0,768.2416,8.146034E-08,0,0,1,1,1,1,0,100,0,0,
NEUTRAL STATIC,barrier,0,720.949,0,225.8188,8.146034E-08,0,0,1,1,1,1,0,100,0,1,
NEUTRAL STATIC,RockGroupF,0,-813.6545,0,-393.0551,8.146034E-08,0,0,1,1,1,1,0,100,0,0,
NEUTRAL STATIC,lo_B_TypeE,0,364.822,0,254.425,-8.146034E-08,-4.371139E-08,4.371138E-08,1,1,1,1,0,100,0,0,
NEUTRAL STATIC,treeA_LOD_A,0,408.3618,0,-519.7141,4.371139E-08,1,8.146034E-08,3.499512E-15,1,1,1,0,100,0,0,
NEUTRAL STATIC,lo_RuinB,0,-199.1165,0,-391.1533,1.308846E-07,0.953717,1.266813E-07,0.3007057,1,1,1,0,100,0,0,
NEUTRAL STATIC,lo_B_TypeA,0,245.5121,0,282.0968,-5.760115E-08,-0.7071068,-5.760115E-08,0.7071068,1,1,1,0,100,0,0,
NEUTRAL STATIC,lo_RuinA,0,-492.2727,0,-675.1476,5.719276E-08,0.9848077,7.263237E-08,-0.1736483,1,1,1,0,100,0,0,
NEUTRAL STATIC,treeA_LOD_A,0,-318.4897,0,-676.8481,-6.454585E-08,0.3007058,6.618389E-08,0.953717,1,1,1,0,100,0,0,
NEUTRAL STATIC,treeA_LOD_A,0,123.2368,0,409.2212,9.210549E-09,0.9238796,9.198717E-08,0.3826833,1,1,1,0,100,0,0,
NEUTRAL STATIC,RockGroupF,0,614.9393,0,-581.6906,-6.572134E-09,0.953717,-2.084415E-08,-0.3007058,1,1,1,0,100,0,0,
NEUTRAL STATIC,lo_B_TypeG,0,-182.8215,0,150.2141,4.214686E-08,0.7071068,-4.214686E-08,0.7071068,1,1,1,0,100,0,0,
NEUTRAL STATIC,lo_ShopC,0,-418.0928,0,-34.7671,7.404261E-08,0.9063078,5.53549E-08,-0.4226184,1,1,1,0,100,0,0,
NEUTRAL STATIC,tentBrownB,0,115.4333,0,-322.3034,6.736398E-08,0.9659258,-2.514056E-07,0.2588192,1,1,1,0,100,0,0,
NEUTRAL STATIC,lo_B_TypeG,0,-248.0798,0,450.9668,4.214686E-08,0.7071068,-4.214686E-08,0.7071068,1,1,1,0,100,0,0,
NEUTRAL STATIC,barrier,0,678.0366,0,-335.3673,9.867338E-09,-0.5564633,2.454285E-08,0.8308722,1,1,1,0,100,0,1,
NEUTRAL STATIC,bunkerLong,0,247.6552,0,-61.27332,-3.889194E-16,1,5.96244E-09,7.54979E-08,1,1,1,0,100,0,0,
NEUTRAL STATIC,lo_WaterTowerB,0,137.5858,0,-177.7378,-1.944992E-09,0.1305262,-1.477368E-08,0.9914449,1,1,1,0,100,0,0,
